1.418431791995259927e-01
1.615134395995309891e-01
-4.754434593004789877e-01
-1.639570160047299982e-02
-7.935775781004680285e-01
2.412246189952330089e-02
2.896948599952510126e-02
1.410852035995300013e-01
-2.103555000473990213e-03
2.974079829952809909e-02
1.883968959995309944e-01
-1.203306638004729978e-01
1.808488682995199881e-01
6.478507299952700194e-02
-3.457985439004719885e-01
2.023962799952979882e-02
1.502502530995289964e-01
2.144255155995299922e-01
8.750357769952189779e-02
-6.198872440047859672e-02
6.675896029952360644e-02
-2.287905120047640031e-02
-6.165680700476629597e-03
1.420120918995310122e-01
6.655379919952510159e-02
9.454195189952939449e-02
2.330493226995289935e-01
1.579478275995289949e-01
1.783640360995240037e-01
1.141922883995220017e-01
6.036069129952179729e-02
-1.749604630004739925e-01
2.005008779951819933e-02
7.984401219952989848e-02
2.905981819952789882e-02
-1.893966129004809873e-01
1.640192597995309975e-01
-2.361578460004810087e-01
-6.211683160047699881e-02
1.388593593995179898e-01
7.483396049953229545e-02
1.579107321995250057e-01
1.895538699995290011e-01
1.928728699952840173e-02
-2.937335700048039969e-02
1.622594784995219919e-01
2.131491089951960058e-02
1.136771614995240043e-01
9.611985419952870369e-02
2.512416739952530106e-02
1.908958876995260068e-01
6.310041499952490085e-02
-2.176252991004760107e-01
-1.449511740047169928e-02
-1.180998770047379971e-02
5.730741559952440278e-02
1.576087779952220144e-02
-3.351887756004710006e-01
-3.246507804004750142e-01
-6.618219149004720414e-01
1.928616759953169849e-02
4.875477109952439797e-02
1.766771831995299913e-01
2.133526029995209961e-01
1.208574088995249957e-01
4.831092789952150246e-02
7.313278929952110596e-02
8.486905029953109580e-02
-1.697388991004800118e-01
-4.407763370046779983e-02
-7.806509330048069795e-02
-2.577428853004730125e-01
-2.933290934004729733e-01
8.491240829953029812e-02
1.122301490995309958e-01
2.502928909952120001e-02
-7.677843060047000179e-02
8.347479839952140490e-02
1.603849058995190091e-01
1.138475438995240063e-01
2.331215491995239919e-01
1.036087765995289955e-01
8.514878419953220146e-02
1.452651529952220071e-02
3.181506589952220326e-02
8.398345339952580091e-02
1.815616587995239894e-01
1.234200132995229987e-01
2.295466842995209922e-01
7.788777769953020291e-02
-1.438687280047190077e-02
-3.984101900047679751e-02
-3.238566380046849907e-02
-1.969119340047599878e-02
-1.970279398004780025e-01
6.381415609952509338e-02
5.276418969953060312e-02
-1.254628126004750099e-01
-1.850761087004710037e-01
1.635639479995210088e-01
1.681550871995229901e-01
2.089945460995319970e-01
-3.195865427004779824e-01
3.574761439952570119e-02
-9.986712700481350027e-03
1.462997155995250098e-01
-2.174360902004789931e-01
-1.552318953004739877e-01
2.583175540995200081e-01
-3.445343343004769743e-01
1.401596080995229920e-01
7.763200289952010280e-02
1.459689681995260113e-01
6.166467995285529469e-04
-7.509151420048000569e-02
-2.080288929004719956e-01
-1.713489681004750076e-01
2.330786597995309906e-01
1.624931038995210131e-01
-8.790350830047090336e-02
1.129587502995259979e-01
7.791054499952569656e-02
2.954167229952989887e-02
-5.941431530047230208e-02
1.414188979995290030e-01
2.147943862995309872e-01
1.287625295995269981e-01
1.966371274995279972e-01
7.103681429953209725e-02
-2.771591796004739816e-01
1.315155759995290108e-01
8.938193909952470151e-02
8.015346569952440381e-02
-1.015253704004809993e-01
-1.033348670047470018e-02
-3.589168399004730170e-01
3.641748779952540260e-02
1.238248515995220012e-01
-1.999792260048139855e-02
8.189317469953040496e-02
6.964238949952060442e-02
-7.592239004736709481e-04
2.207797411995220116e-01
-3.590247810004710272e-01
-1.343206159004780020e-01
-1.280885423004750057e-01
1.651503085995220110e-01
1.802512593995259926e-01
3.670989219952500160e-02
-5.502268593004799868e-01
1.692055869995240103e-01
-1.196818752004699948e-01
1.684729865995250042e-01
4.603690619953230284e-02
6.389379479952600471e-02
5.279467699952530152e-02
1.195491097995220048e-01
-3.288445038004679799e-01
6.537420199953200561e-02
1.274388132995200040e-01
1.386847290995230075e-01
-1.639576122004769987e-01
-1.199224778004719938e-01
7.825610479952159471e-02
1.994647157995219910e-01
-2.430745044004679889e-01
8.013606019952139448e-02
1.085014256995290027e-01
5.079882679952160002e-02
8.387506399529339601e-03
3.296069939952420147e-02
1.551838879995270093e-01
-1.200575684004689947e-01
3.507064349952319915e-02
6.820929579951949540e-02
1.584401919951970023e-02
-2.281109937004690003e-01
-2.263165611004749889e-01
-5.428941719004709565e-01
4.916306399952929951e-02
6.664386859952739495e-02
-1.755869305004719994e-01
6.129978729953219907e-02
1.271508056995289959e-01
7.819434339953089397e-02
1.946776889953130002e-02
4.306396719952940155e-02
1.034555388995239966e-01
-1.482877022004769896e-01
1.538873109952020035e-02
1.233138716995230005e-01
4.382574869951839924e-02
8.093222449952010289e-02
6.477210079953009403e-02
1.600200608995270002e-01
1.201144330995310011e-01
1.416895745995249978e-01
7.726315759953200635e-02
1.173552239995249991e-01
2.477748579951820004e-02
-3.415020009004759993e-01
6.961638909952229393e-02
-3.148230594004819971e-01
9.991917599953130391e-02
-3.212542946004789957e-01
1.257642847995300017e-01
-2.422236546004800095e-01
-1.546584927004769905e-01
-1.704920622004809927e-01
2.121450839952390005e-02
1.194810825995210046e-01
-1.066800209004700045e-01
1.037524968995310048e-01
5.425019799952220112e-02
-1.598075734004709980e-01
2.018802906995209867e-01
-2.431500053004780060e-01
-3.435009360004809831e-01
1.831930294995199882e-01
1.104767856995319958e-01
4.119741849952159723e-02
6.237647499952460317e-02
-4.602047865004689764e-01
1.043107665995249983e-01
-1.189304250047479999e-02
-2.456897322004749917e-01
1.131070053995270053e-01
7.486104989952480082e-02
3.048643589951889957e-02
2.588663496995309843e-01
-2.094403010048040067e-02
6.567456729952429739e-02
4.802660139952760060e-02
8.051661309951900491e-02
1.142680203995209975e-01
1.376627399995269951e-01
4.712227169952139944e-02
8.607379269952279699e-02
-4.639691937004780109e-01
-2.774036435004770262e-01
-1.750976971004689908e-01
-1.135163510046770068e-02
1.537329453995260053e-01
9.858713619952649831e-02
1.208607721995210021e-01
1.079938376995240035e-01
1.407898588995240008e-01
1.794996862995220099e-01
-1.000991026004809936e-01
1.965524995995200086e-01
1.034730169952519964e-02
-1.576973120047850049e-02
-3.762847016004680079e-01
-1.170080700475750095e-03
1.307818132995209881e-01
1.436139414995240005e-01
1.146206583995310058e-01
1.923983424995300007e-01
1.392977696995250092e-01
-2.377021059004819914e-01
9.475847169952089644e-02
-1.010061025004769936e-01
2.860613569951910018e-02
-1.891609500047760142e-02
-4.246658200472100235e-03
1.971226999953050105e-02
-4.792524270047240215e-02
-2.226542635004729875e-01
7.086885629952630050e-02
3.453098359952379987e-02
-8.121770970046779392e-02
6.042719359952290065e-02
-5.830067644004800487e-01
6.320429599952599731e-02
-1.765211986004689981e-01
-2.685763924004759828e-01
1.524637989995200060e-01
9.503858679953229582e-02
-4.073696530004720096e-01
-3.495101049004750160e-01
1.735562278995249896e-01
1.565497586995260038e-01
1.807960842995300077e-01
1.533809381995180077e-01
7.361168419951980013e-02
-9.266352400473470627e-03
-1.261051560047119977e-02
5.708002959951839761e-02
-1.876206227004789950e-01
-4.081173711004740245e-01
-2.588698620047579987e-02
8.228317419953160017e-02
1.847565167995240121e-01
-4.495821742004719734e-01
-1.684549937004790054e-01
6.083698249952360082e-02
1.358666350995320071e-01
-2.598218918004699951e-01
-3.584211920048119976e-02
-1.253719981004760009e-01
